200
68 83
115 126
161 250
90 213
135 200
159 237
159 192
87 117
88 217
90 196
7 293
268 294
204 240
177 178
219 281
82 90
268 288
33 217
122 285
147 298
275 297
203 276
32 119
10 54
274 286
229 244
8 133
184 199
28 133
94 108
243 297
181 240
104 150
57 163
146 262
93 275
15 78
290 300
216 298
203 240
230 274
153 246
102 156
95 185
51 64
65 299
289 290
243 247
247 249
162 280
32 109
121 288
18 194
62 144
90 223
171 203
82 283
269 295
287 289
162 239
119 275
37 124
147 298
238 264
173 277
228 241
145 229
32 74
282 298
251 261
196 255
113 257
119 287
177 194
31 96
168 262
275 276
205 233
91 163
242 277
29 166
1 65
39 204
75 77
109 171
70 195
218 235
84 103
137 273
143 297
20 295
220 252
271 288
56 263
2 136
180 223
248 267
135 254
168 258
152 254
243 276
67 174
68 192
283 296
156 246
99 290
79 179
185 229
24 162
59 102
25 294
8 252
155 195
45 217
5 28
227 250
124 132
54 155
7 276
226 292
276 281
115 281
208 220
164 221
194 254
130 261
229 238
99 171
181 286
218 234
280 284
60 112
125 266
177 182
210 246
213 267
133 198
133 254
77 204
62 120
96 174
290 291
49 87
269 296
249 296
215 257
38 51
245 267
89 175
101 145
277 294
294 299
62 203
23 262
61 127
160 285
240 271
259 286
82 212
291 293
143 150
92 282
43 66
70 172
169 294
109 291
154 177
240 266
203 247
96 190
178 287
258 271
93 113
227 263
53 289
246 264
277 287
189 192
236 251
231 299
191 209
78 88
52 155
298 300
32 235
162 164
215 266
130 188
203 281
213 286
5 109
266 292
259 276
222 282
35 161
104 242
231 284
12 290
159 215
154 175
