2000
186 217
117 234
282 285
97 138
5 202
171 214
69 271
23 261
280 294
198 254
271 274
94 282
186 276
242 267
26 187
13 164
68 273
182 292
124 285
60 117
262 270
207 254
207 298
134 183
49 160
241 253
106 291
136 165
146 229
160 187
247 271
86 288
56 205
34 114
148 172
269 294
50 275
19 206
197 299
77 153
2 136
76 167
63 89
64 273
136 258
137 177
8 22
249 263
48 255
234 236
45 94
118 229
99 282
189 201
193 227
167 277
39 141
44 231
64 197
157 183
46 199
165 295
153 280
81 287
198 294
80 139
252 258
125 206
98 158
129 144
204 262
91 278
167 176
152 259
14 207
49 267
153 181
87 277
116 208
134 137
136 179
78 267
159 199
94 204
279 286
29 260
28 99
128 217
117 300
20 157
222 228
252 284
212 252
177 187
134 167
89 262
97 176
110 246
205 279
50 198
167 258
105 152
174 201
77 102
60 254
74 255
125 166
243 248
215 253
103 279
280 290
260 273
159 246
285 288
4 40
31 108
143 190
88 191
294 296
21 174
284 294
284 292
295 300
110 171
48 157
158 234
234 272
21 283
102 107
109 194
83 290
148 237
13 231
15 229
75 91
64 139
30 79
296 299
243 254
268 283
89 102
246 291
82 246
16 123
134 252
265 273
120 273
220 288
75 145
32 72
0 48
252 292
144 226
197 244
191 263
254 278
136 292
119 176
45 125
145 171
118 189
143 177
217 298
176 229
122 193
256 276
275 283
17 195
226 297
28 211
6 289
25 196
208 248
99 135
25 127
244 254
197 244
161 274
121 263
165 247
136 213
250 273
207 296
170 257
281 289
86 267
140 281
105 161
140 157
58 146
9 300
196 235
256 292
75 239
294 299
50 222
19 75
183 213
148 255
40 261
129 199
25 249
174 251
19 210
106 189
186 235
135 156
120 197
262 271
2 293
177 228
234 266
26 122
103 266
194 235
187 269
103 153
275 279
63 193
3 229
200 207
31 201
254 269
78 99
129 227
181 217
242 287
222 300
267 298
195 277
26 163
239 282
90 162
175 210
158 162
72 98
35 289
91 153
64 294
246 258
174 275
48 272
230 282
202 248
287 294
1 88
291 294
126 244
25 182
234 298
46 148
201 279
104 216
92 254
150 184
178 273
167 233
183 207
110 139
80 284
229 270
237 277
110 294
13 84
244 265
150 252
136 225
251 252
273 286
266 293
206 229
120 205
236 256
248 271
162 205
285 297
148 244
155 226
177 221
285 291
158 209
226 232
192 283
286 300
19 250
211 297
71 213
265 268
273 278
77 207
249 256
182 289
105 261
202 211
236 259
66 247
140 193
259 264
98 228
254 282
67 190
0 85
271 279
156 248
53 272
24 100
34 47
168 229
123 148
64 224
212 274
207 235
75 250
173 270
26 52
251 260
71 270
81 192
135 147
159 251
83 258
34 115
195 219
172 222
185 273
287 291
149 280
93 187
248 267
129 186
115 132
186 212
24 106
10 114
280 281
57 230
234 288
95 180
158 214
261 275
270 288
202 232
254 256
52 68
190 300
274 286
227 236
191 197
104 151
101 296
134 249
130 200
158 181
231 265
111 203
162 226
180 219
94 292
90 257
241 297
181 235
259 261
180 249
15 16
69 288
166 279
74 151
232 295
104 205
271 274
183 228
254 277
115 212
280 296
52 145
109 139
1 16
150 261
126 175
79 151
270 280
106 284
291 297
216 250
9 207
95 240
28 189
120 210
246 285
74 276
255 295
42 279
268 283
233 261
23 128
18 274
284 300
211 278
67 133
115 253
211 245
214 263
269 286
195 211
89 174
159 216
23 95
185 230
62 232
58 139
62 232
295 300
234 246
51 273
138 176
184 278
280 291
165 290
175 276
219 290
96 268
196 295
290 300
217 276
18 274
39 235
237 252
265 298
236 296
35 206
172 181
236 282
218 276
219 287
155 157
62 165
166 171
65 115
187 269
105 257
146 149
107 256
30 210
106 152
105 211
14 145
175 220
199 257
58 154
156 283
297 299
136 276
132 133
137 153
197 286
91 299
297 299
153 289
36 241
196 286
50 61
230 263
130 165
121 220
225 250
255 294
120 288
296 297
37 299
234 258
60 205
72 242
20 216
61 285
185 216
202 246
74 251
275 294
8 70
198 280
93 286
6 223
192 219
240 285
29 261
293 297
275 279
118 247
187 265
209 224
84 289
101 155
82 95
68 211
229 231
222 247
112 188
254 275
3 138
182 210
250 260
85 103
35 140
207 282
240 283
7 137
286 287
142 238
25 174
80 194
298 300
180 216
138 216
175 217
295 298
261 262
243 285
126 258
201 223
49 240
18 287
99 293
162 268
126 272
7 230
71 266
142 216
211 262
228 273
297 298
104 195
243 270
178 225
55 214
122 143
9 78
50 89
36 37
222 282
32 77
108 155
120 282
168 195
251 299
219 279
83 159
151 270
283 297
17 36
189 202
295 296
90 94
119 241
214 299
252 281
145 292
35 103
95 247
61 184
257 284
18 93
117 201
58 66
201 213
55 149
11 172
269 296
77 104
198 254
158 296
63 262
90 221
126 133
286 296
42 265
117 262
180 272
222 298
230 274
150 156
296 297
52 166
206 270
245 265
44 185
176 225
140 174
181 293
94 205
52 89
170 262
132 160
10 20
29 33
150 258
32 289
133 186
174 175
120 235
50 85
214 218
162 219
288 297
143 279
139 156
182 247
209 259
210 238
98 116
51 87
275 283
176 297
226 234
118 168
49 235
245 266
170 206
173 231
93 265
181 253
205 249
14 139
265 289
36 62
39 146
111 129
148 295
49 172
88 236
182 297
280 284
143 177
77 290
277 297
239 271
222 288
179 236
296 298
222 264
50 119
297 299
149 275
246 295
67 150
87 267
283 296
94 229
74 288
4 202
236 296
7 56
251 296
283 298
279 283
6 150
205 216
20 265
198 299
250 294
199 260
180 236
70 189
151 249
148 288
23 289
240 293
217 237
158 180
134 201
65 177
268 284
241 265
237 293
70 204
54 131
33 176
50 137
289 295
86 282
132 158
253 258
117 206
237 276
169 245
272 277
161 178
14 139
210 218
236 288
99 283
118 163
144 252
219 271
137 291
119 193
237 242
48 177
16 58
176 262
60 179
267 298
161 253
126 227
60 98
171 234
263 278
165 250
180 264
209 216
165 287
5 125
162 294
0 102
195 250
261 278
165 197
79 270
53 203
116 261
204 234
164 244
180 199
80 236
19 140
116 240
110 279
142 184
229 267
37 181
166 298
140 151
83 194
242 293
260 290
80 162
225 261
170 204
161 213
75 257
187 268
116 205
16 195
176 224
164 196
220 249
109 150
9 34
146 291
146 265
23 200
155 180
153 264
192 206
212 250
244 269
40 195
233 267
74 254
165 240
161 242
35 157
82 255
256 273
140 228
138 223
297 300
253 266
282 289
67 190
249 289
88 101
71 128
171 280
49 130
230 298
146 180
116 279
67 234
267 294
139 289
196 256
188 263
286 288
246 279
76 230
67 156
233 240
135 199
101 283
282 292
77 257
123 201
182 198
285 287
245 265
260 263
150 209
8 80
66 69
193 289
245 270
228 230
80 295
150 190
180 248
178 233
11 124
91 120
136 288
181 246
266 272
190 230
277 291
132 195
246 277
144 269
187 255
235 251
26 140
178 218
242 270
214 287
247 256
145 228
145 217
107 247
288 290
207 223
254 268
266 293
132 178
259 296
40 267
262 284
255 299
121 159
273 278
107 240
244 274
98 244
265 283
159 253
291 299
56 96
276 288
53 170
113 257
35 93
57 295
271 290
100 181
278 280
84 202
36 235
97 233
278 297
42 174
33 118
257 261
288 291
65 124
182 215
258 266
259 260
194 253
256 292
252 271
131 239
140 288
169 236
114 137
216 218
267 276
290 296
50 69
72 217
66 250
287 290
16 95
248 294
192 205
169 279
221 285
109 170
68 199
151 296
43 236
70 283
100 197
121 268
228 232
142 234
264 286
167 261
124 183
74 173
263 295
274 293
268 295
42 200
259 289
185 231
6 18
146 177
70 288
223 279
61 285
171 277
179 202
279 297
288 295
110 133
57 282
131 199
49 295
200 272
182 185
7 49
223 297
122 166
4 202
158 193
152 172
108 112
31 53
127 199
143 288
113 280
232 299
62 231
273 281
238 285
8 261
220 279
129 135
126 299
120 151
192 292
229 282
244 283
168 188
250 292
50 191
62 70
78 235
222 279
195 255
118 254
194 241
114 171
43 158
287 293
178 260
26 235
110 252
43 160
12 259
245 258
47 190
268 270
87 147
119 181
147 164
79 266
45 269
134 252
71 121
125 232
203 213
151 225
110 143
207 283
129 157
1 262
152 269
120 251
257 270
140 256
226 284
238 264
133 265
244 282
275 295
127 282
262 299
167 266
93 165
155 228
66 228
180 190
39 195
171 176
211 276
277 299
190 276
188 202
177 299
1 152
231 247
198 213
197 203
106 127
119 238
211 219
19 225
15 30
59 249
297 298
28 49
105 255
164 167
70 254
252 282
239 280
153 177
156 225
195 272
194 288
272 293
51 191
166 179
127 251
135 248
280 287
128 273
11 132
172 209
53 75
32 66
65 198
65 226
214 262
212 248
232 259
105 171
30 234
121 256
71 300
295 297
212 236
138 141
75 224
98 137
62 289
238 243
136 279
202 233
242 251
177 249
197 242
106 175
8 65
113 257
143 157
211 266
98 152
158 265
13 232
7 38
74 270
234 282
168 193
292 300
42 172
181 295
149 199
0 253
254 257
66 75
28 94
216 278
238 274
176 280
40 76
247 295
84 241
280 281
184 265
195 251
164 219
130 198
33 67
214 243
189 257
39 291
83 106
20 70
132 242
60 195
18 41
64 81
98 284
112 129
18 49
124 166
68 108
14 165
125 203
240 270
93 288
134 285
292 293
19 103
254 265
250 254
118 257
169 228
111 243
9 279
178 202
16 110
162 253
50 246
139 225
82 120
191 209
29 187
87 224
214 300
203 205
265 278
135 279
38 64
193 243
292 294
9 275
210 282
47 121
124 214
260 274
188 217
5 199
125 269
86 261
57 92
64 132
283 288
222 225
295 300
124 136
138 183
186 197
225 274
210 237
164 186
63 166
112 196
129 152
260 263
254 282
171 299
33 299
87 214
178 242
12 69
84 236
229 265
226 288
123 249
200 212
243 288
41 223
45 271
154 214
85 276
2 104
242 260
56 129
149 277
68 103
169 254
97 205
243 296
52 292
189 263
133 250
223 250
276 277
61 167
274 286
225 228
284 293
28 296
67 119
210 225
91 146
165 171
145 284
44 221
64 222
111 253
199 212
145 251
90 221
293 297
118 178
258 264
115 259
34 92
247 291
45 135
139 251
244 276
197 200
7 127
175 235
29 164
137 171
199 234
77 111
256 257
0 17
181 199
107 224
164 297
18 85
79 156
92 133
26 159
251 260
124 172
51 205
188 264
180 230
19 200
81 150
157 174
226 278
91 222
239 298
231 265
258 294
38 186
5 247
128 289
140 269
105 187
120 195
162 168
99 263
135 204
191 294
3 64
34 155
205 297
202 297
98 230
290 299
45 299
64 260
33 271
250 297
216 267
219 241
120 266
183 204
76 129
106 213
183 207
149 189
166 187
200 230
283 298
120 288
297 298
81 144
169 216
183 274
153 297
298 300
222 273
217 230
275 298
13 184
196 199
261 268
60 88
281 285
244 277
245 277
158 254
236 283
161 214
251 260
53 152
254 297
45 278
253 254
292 297
293 299
5 107
54 68
237 294
43 256
54 139
180 264
54 221
206 297
271 278
57 74
1 293
111 226
227 233
57 108
128 292
184 243
146 221
134 261
282 298
104 292
110 205
21 36
96 113
296 297
30 211
290 299
293 294
50 273
58 249
224 272
181 277
200 212
74 298
83 277
158 189
81 180
93 104
117 189
107 108
46 75
25 116
293 298
88 212
94 265
78 85
249 290
151 276
237 294
294 296
40 284
208 251
151 174
112 147
293 297
179 189
45 221
189 190
26 168
212 285
160 216
79 187
164 225
222 224
1 27
284 296
286 287
298 299
26 270
21 239
171 194
209 238
186 279
42 95
156 241
257 269
146 213
283 284
293 297
168 195
114 193
67 220
86 247
91 161
235 242
204 275
264 285
268 286
291 294
13 124
99 294
206 234
296 297
296 298
130 256
117 235
260 270
120 257
37 193
228 255
254 278
212 267
293 299
290 297
246 289
205 255
240 254
41 182
285 300
137 138
0 8
9 92
102 254
204 245
34 56
103 163
152 222
186 223
9 280
147 256
154 212
137 165
228 299
245 275
162 214
224 227
47 169
188 251
104 145
143 164
121 229
236 237
43 265
270 287
130 288
77 145
53 165
279 300
91 300
112 186
262 287
57 66
209 240
228 245
123 228
208 287
47 146
169 232
143 195
4 62
168 200
262 283
34 134
14 150
45 270
135 144
176 232
96 200
285 292
162 263
23 66
239 254
38 203
164 251
180 200
296 297
33 214
268 280
48 94
167 300
124 213
211 259
171 267
54 118
254 270
50 172
69 181
79 169
129 253
260 286
93 280
153 236
192 281
143 173
48 219
118 208
226 231
33 61
149 257
163 226
204 227
45 194
44 238
153 200
3 170
195 244
248 272
222 253
115 284
216 256
203 243
191 239
266 290
27 48
118 275
283 284
126 207
0 79
143 169
80 116
227 289
217 256
46 123
111 271
78 241
173 254
45 235
237 250
59 136
143 167
144 259
108 227
253 288
39 258
213 281
199 226
60 132
67 124
146 190
194 214
14 144
0 30
277 278
169 228
167 207
145 229
25 116
224 250
30 38
125 129
72 221
132 249
95 205
55 65
169 183
175 204
239 271
228 286
35 108
254 259
195 226
247 251
158 294
217 296
74 233
297 298
96 243
171 260
129 136
50 176
275 295
168 288
119 259
89 219
191 204
281 296
260 296
282 286
65 147
80 258
206 289
96 245
99 189
244 297
57 193
151 194
229 282
186 234
256 263
107 236
219 268
163 199
175 239
39 179
106 214
47 186
16 223
75 299
168 236
91 129
242 249
13 75
65 126
269 290
183 283
65 175
140 169
82 287
199 232
126 172
122 177
68 253
134 234
105 144
3 83
228 232
231 232
20 211
72 206
147 201
268 300
60 116
15 55
19 21
42 194
37 99
34 235
94 106
54 90
259 270
278 299
256 276
258 285
105 226
81 232
57 242
11 191
31 132
160 166
201 254
189 202
226 289
81 280
197 272
157 300
255 277
90 183
82 251
248 275
36 155
99 182
171 190
201 210
52 272
212 270
182 186
165 239
290 297
100 185
290 291
54 263
174 182
281 291
108 154
283 290
171 199
256 258
186 196
39 239
231 240
99 191
288 289
282 299
27 235
43 226
141 281
194 256
142 243
292 295
288 299
268 278
193 206
171 248
214 290
90 283
205 213
256 296
291 294
99 144
58 111
153 161
80 193
65 102
64 255
290 299
127 275
136 226
216 259
38 42
91 221
250 254
56 109
116 158
186 266
31 249
237 273
148 149
287 289
166 183
97 282
294 295
13 141
243 300
231 243
55 173
257 261
78 101
0 274
295 296
28 176
72 81
228 231
57 163
0 294
242 264
60 105
259 288
70 297
236 268
118 266
239 290
78 237
270 275
236 253
200 287
103 126
41 147
31 98
239 296
280 294
246 290
103 137
297 298
4 277
294 300
236 264
245 252
278 289
234 243
202 246
75 228
48 295
147 152
27 99
280 299
219 286
199 288
198 232
21 24
53 211
97 252
57 96
80 262
94 105
141 186
8 244
277 279
48 149
33 85
171 282
160 242
136 295
232 282
12 168
68 146
60 278
131 216
184 246
143 275
257 264
177 295
272 295
46 238
217 238
184 220
175 260
71 109
279 296
23 131
153 290
295 297
269 295
71 177
279 292
79 215
50 236
242 281
208 222
274 293
280 282
163 248
136 214
210 216
68 172
211 260
83 282
273 300
258 261
195 292
196 278
41 47
218 234
193 223
6 267
158 236
134 215
163 288
149 170
88 280
96 295
12 112
246 274
111 266
295 298
205 238
34 218
240 263
42 56
132 185
190 231
244 256
136 163
62 219
119 270
89 218
251 271
105 277
156 262
34 127
206 292
250 261
3 113
273 275
181 239
99 218
155 196
97 275
100 242
275 295
138 215
244 245
219 241
172 173
112 242
257 294
81 143
116 154
212 267
277 291
174 215
252 279
256 294
292 299
233 262
296 300
31 290
151 202
115 200
266 291
286 288
243 300
263 268
50 191
156 158
178 203
266 271
266 290
230 271
95 265
238 271
126 225
251 274
263 300
206 279
221 298
125 163
178 225
177 255
178 289
249 287
81 268
115 231
198 236
53 167
254 287
15 271
157 274
289 300
175 184
201 258
78 79
81 297
148 189
274 286
89 300
281 286
141 166
277 285
295 297
202 259
81 202
13 218
111 150
71 231
274 279
155 293
22 248
223 286
249 267
193 269
8 135
99 118
41 76
160 287
181 198
114 120
190 247
199 223
1 169
280 284
216 262
256 275
196 213
89 227
268 271
103 247
263 293
109 178
283 297
166 208
212 285
222 296
221 251
197 205
185 214
212 287
222 260
94 191
69 283
15 117
133 227
176 182
276 295
71 110
157 275
65 110
58 168
238 244
75 200
190 220
161 195
151 180
175 246
147 232
130 200
149 281
2 11
223 263
17 69
46 153
286 291
20 62
286 290
262 278
196 271
135 287
238 272
79 118
138 253
168 208
94 183
222 270
47 183
173 183
83 145
118 260
101 121
229 234
124 164
32 107
10 125
297 299
4 228
135 189
242 279
113 244
127 225
70 252
0 176
220 232
205 246
295 296
150 248
89 279
184 192
154 265
184 222
215 273
249 258
105 187
127 196
134 141
166 259
279 292
227 266
141 210
217 299
22 80
213 280
16 278
217 231
